Координаты точек:
0.5 -0.866 
-0.5 -0.866 
-1 0 
-0.5 0.866 
0.5 0.866 
1 0 
-0.5 -1.866 
-1.5 -1.866 
-1.5 -0.134 
-0.5 -0.134 
0 -1 
-2 -1 

Правильные шестерки: 
0.5 -0.866
1 0
0.5 0.866
-0.5 0.866
-1 0
-0.5 -0.866
...
-0.5 -0.866
0.5 -0.866
1 0
0.5 0.866
-0.5 0.866
-1 0
...
-1 0
-0.5 -0.866
0.5 -0.866
1 0
0.5 0.866
-0.5 0.866
...
-0.5 0.866
-1 0
-0.5 -0.866
0.5 -0.866
1 0
0.5 0.866
...
0.5 0.866
-0.5 0.866
-1 0
-0.5 -0.866
0.5 -0.866
1 0
...
1 0
0.5 0.866
-0.5 0.866
-1 0
-0.5 -0.866
0.5 -0.866
...
-0.5 -1.866
0 -1
-0.5 -0.134
-1.5 -0.134
-2 -1
-1.5 -1.866
...
-1.5 -1.866
-0.5 -1.866
0 -1
-0.5 -0.134
-1.5 -0.134
-2 -1
...
-1.5 -0.134
-2 -1
-1.5 -1.866
-0.5 -1.866
0 -1
-0.5 -0.134
...
-0.5 -0.134
-1.5 -0.134
-2 -1
-1.5 -1.866
-0.5 -1.866
0 -1
...
0 -1
-0.5 -0.134
-1.5 -0.134
-2 -1
-1.5 -1.866
-0.5 -1.866
...
-2 -1
-1.5 -1.866
-0.5 -1.866
0 -1
-0.5 -0.134
-1.5 -0.134
...

Наилучшие шестерки: 
0.5 -0.866
1 0
0.5 0.866
-0.5 0.866
-1 0
-0.5 -0.866
-----
-0.5 -0.866
0.5 -0.866
1 0
0.5 0.866
-0.5 0.866
-1 0
-----
-1 0
-0.5 -0.866
0.5 -0.866
1 0
0.5 0.866
-0.5 0.866
-----
-0.5 0.866
-1 0
-0.5 -0.866
0.5 -0.866
1 0
0.5 0.866
-----
0.5 0.866
-0.5 0.866
-1 0
-0.5 -0.866
0.5 -0.866
1 0
-----
1 0
0.5 0.866
-0.5 0.866
-1 0
-0.5 -0.866
0.5 -0.866
-----
-0.5 -1.866
0 -1
-0.5 -0.134
-1.5 -0.134
-2 -1
-1.5 -1.866
-----
-1.5 -1.866
-0.5 -1.866
0 -1
-0.5 -0.134
-1.5 -0.134
-2 -1
-----
-1.5 -0.134
-2 -1
-1.5 -1.866
-0.5 -1.866
0 -1
-0.5 -0.134
-----
-0.5 -0.134
-1.5 -0.134
-2 -1
-1.5 -1.866
-0.5 -1.866
0 -1
-----
0 -1
-0.5 -0.134
-1.5 -0.134
-2 -1
-1.5 -1.866
-0.5 -1.866
-----
-2 -1
-1.5 -1.866
-0.5 -1.866
0 -1
-0.5 -0.134
-1.5 -0.134
-----
Внутри шестиугольников 1 элементов
EEEEEEEEEEEEEEEEEEEEEEEEEE
